name	date	distance	class	diameter	velocity
2000 DO8	2000.25	4.2	APO	37.62524629	10.08
2000 LG6	2000.5	1.3	ATE	5.438502737	2.45
2000 SM10	2000.75	4.3	APO	51.93729793	13.61
2000 UK11	2000.833333	4.3	ATE	29.88679546	6.01
2000 YA	2001	1.9	APO	62.44236613	14.19
2001 AV43	2001	3.5	APO	41.25526218	4.02
2001 BA16	2001.083333	0.8	ATE	21.65106937	5.1
2005 VL1	2001.166667	2	ATE	13.66090123	6.59
2001 CP36	2001.166667	4.9	ATE	62.44236613	8.92
2001 DZ76	2001.166667	2.3	APO	29.88679546	11.7
2001 EC	2001.166667	3.8	APO	653.8518418	22.49
2001 FR85	2001.25	4.3	ATE	37.62524629	2.85
2001 EC16	2001.25	4.4	APO	118.9814758	10.09
54509 YORP	2001.583333	4.7	APO	98.964481	7.13
2001 QE71	2001.666667	3.5	APO	45.23549545	5.33
2001 TY1	2001.833333	5	APO	34.31463245	9.51
2001 TB	2001.833333	2.5	APO	45.23549545	12.48
2001 UP	2001.833333	2.4	ATE	24.8587537	8.35
2001 WJ15	2001.916667	4.5	APO	65.38518418	17.74
2001 WJ4	2001.916667	2.1	APO	11.36264273	5.37
2001 WM15	2001.916667	1.9	APO	34.31463245	15.23
2001 YN2	2002	3.5	APO	28.54166809	18.86
33342 1998 WT24	2002	4.9	ATE	902.5667938	8.88
2001 YB5	2002.083333	2.2	APO	226.7145283	30.59
2002 AN129	2002.083333	4.7	APO	19.74600995	11.84
2002 CC14	2002.166667	4.7	ATE	37.62524629	11.99
2002 CA26	2002.166667	2.5	APO	11.89814758	15.27
2002 CB26	2002.166667	1.2	APO	14.30471967	22.37
2002 EM7	2002.25	1.2	ATE	45.23549545	10.28
2002 FW1	2002.25	4.8	ATE	54.38502737	9.18
2002 GQ	2002.25	1.1	ATE	18.8572931	9.31
2002 FD6	2002.333333	3.2	APO	118.9814758	11.57
2002 JU15	2002.416667	3.9	APO	19.74600995	7.69
2002 MN	2002.5	0.3	APO	65.38518418	10.57
2002 LZ45	2002.5	5	APO	86.19445965	15.27
54509 YORP	2002.583333	4.5	APO	98.964481	7.02
2002 NY40	2002.666667	1.4	APO	543.8502737	20.9
2002 TX55	2002.833333	2.1	APO	62.44236613	10.21
2002 TY59	2002.833333	2	APO	27.25708142	8.42
2002 TZ66	2002.833333	2.6	ATE	22.67145283	5.65
2002 VX91	2002.916667	4.3	ATE	47.36737868	6.96
2002 VZ91	2002.916667	4.5	APO	20.67661072	7.05
2002 XV90	2003	0.3	APO	27.25708142	8.02
2003 DW10	2003.25	1.4	APO	20.67661072	7.8
2003 DY15	2003.25	1.4	APO	18.8572931	9.99
2003 EM1	2003.25	4.2	ATE	43.19956278	7.94
2003 FY6	2003.25	3.6	ATE	113.6264273	14.42
2003 FJ8	2003.25	4.4	APO	15.68481322	10.93
2003 GG21	2003.333333	3.4	APO	136.6090123	20.9
2003 JX2	2003.333333	3.6	APO	18.0085751	8.31
2003 HW10	2003.333333	0.9	APO	13.66090123	13.31
2008 WO2	2003.416667	3	APO	3.762524629	6.21
2003 LH	2003.416667	3.9	ATE	31.29531674	6.81
2003 LW2	2003.5	1.3	APO	21.65106937	8.13
2003 ME1	2003.5	3.6	APO	65.38518418	13.98
2006 MV1	2003.5	2.7	APO	14.97888034	5.14
54509 YORP	2003.583333	4.5	APO	98.964481	7.03
2003 QB30	2003.666667	2	APO	14.97888034	11.89
2003 SY4	2003.75	4	APO	17.19805571	10.91
2003 SL36	2003.75	3.1	APO	18.0085751	11.16
2003 RU11	2003.75	3.7	ATE	27.25708142	4.43
2003 SW130	2003.75	0.4	ATE	5.193729793	9.09
2003 SR84	2003.75	2.8	APO	21.65106937	10.87
2003 SQ222	2003.75	0.2	APO	3.277021958	15.44
2003 SM215	2003.75	3.5	APO	10.85123956	10.71
2010 FV9	2003.833333	1.2	APO	28.54166809	7.82
2003 UM3	2003.833333	0.7	APO	8.231506992	12.8
2003 UT55	2003.833333	2.9	ATE	14.97888034	9.64
2003 WH98	2003.916667	4.5	APO	16.4240157	7.19
2003 XK	2003.916667	4.3	APO	22.67145283	19.6
2003 WT153	2003.916667	1.8	ATE	8.619445965	4.4
2003 XJ7	2004	0.4	APO	18.0085751	16.93
2003 XV	2004	1.2	APO	15.68481322	12
2003 YS70	2004	1.6	APO	5.193729793	3.45
2003 YH111	2004	3.1	APO	43.19956278	13.82
2004 BN41	2004.083333	3.9	APO	20.67661072	6.61
2004 CA2	2004.166667	3.8	APO	62.44236613	14.21
2004 BK86	2004.166667	1.8	APO	28.54166809	15.66
2004 DF2	2004.166667	2.8	APO	20.67661072	19.57
2004 DA53	2004.166667	1.3	ATE	8.619445965	9.38
2004 FY3	2004.25	2.1	APO	28.54166809	11.75
2004 FH	2004.25	0.1	ATE	24.8587537	8
2004 FY1	2004.25	3.1	APO	18.8572931	15.66
2004 FN8	2004.25	4.8	APO	13.0460594	3.56
2004 FM32	2004.25	1.8	APO	13.0460594	4.33
2004 FY15	2004.25	0.6	APO	20.67661072	8.57
2004 FU162	2004.25	0.03	ATE	6.244236613	13.39
2008 GF1	2004.333333	2.7	APO	7.507223601	14.4
2004 HE	2004.333333	0.7	APO	14.97888034	18.25
2004 HT59	2004.333333	2.7	ATE	12.45889	8.96
2011 KB	2004.416667	2.6	ATE	32.77021958	9.27
2004 KZ	2004.416667	4.9	APO	27.25708142	11.89
2004 JO20	2004.416667	3.2	APO	19.74600995	12.63
2004 JP1	2004.416667	3	APO	94.51034563	12.59
2004 KF17	2004.416667	1.8	APO	20.67661072	11.4
2004 MR1	2004.5	1.5	APO	26.03031067	7.58
25143 Itokawa	2004.5	5	APO	495.9973446	6.12
2004 MC	2004.5	3.7	APO	75.07223601	8.69
2004 OW10	2004.583333	4.6	APO	43.19956278	6.11
2004 OD4	2004.583333	0.4	APO	13.66090123	8.88
54509 YORP	2004.583333	5	APO	98.964481	7.21
2004 QB	2004.666667	4.3	APO	376.2524629	18.09
2004 PZ19	2004.666667	1.6	APO	43.19956278	11.38
2004 PU42	2004.666667	2.1	APO	15.68481322	10.32
367943 Duende	2004.666667	3.2	ATE	54.38502737	6.09
2004 QA22	2004.666667	2.5	ATE	9.025667938	3.47
2004 RC11	2004.666667	4.4	APO	65.38518418	7.91
2004 RU109	2004.75	1	APO	18.0085751	12.93
2004 RN251	2004.75	4.2	APO	20.67661072	13.75
2004 SE26	2004.75	4.9	APO	23.73992548	11.15
2004 SR26	2004.75	4.2	APO	16.4240157	5.94
2004 ST26	2004.75	1	APO	18.8572931	21.39
4179 Toutatis	2004.75	4	APO	2988.679546	11
2004 TE10	2004.833333	2.7	APO	49.59973446	14.59
2004 UH1	2004.833333	0.8	ATE	8.231506992	11.75
2004 UT1	2004.833333	2	ATE	16.4240157	6.65
2004 VZ14	2004.833333	4.5	APO	29.88679546	14.95
2004 VM24	2004.916667	2.1	APO	24.8587537	12.75
2004 WC1	2004.916667	4.7	ATE	20.67661072	6.01
2004 YC	2005	2.2	ATE	26.03031067	9.57
2004 XB45	2005	0.8	APO	19.74600995	17.13
2004 YD5	2005	0.09	APO	4.736737868	25.37
184266 2004 VW14	2005	4.9	APO	452.3549545	12.92
2005 BS1	2005.083333	0.7	APO	10.85123956	12.5
2005 BG28	2005.083333	4.8	APO	26.03031067	7.58
2005 CM7	2005.166667	2.8	APO	19.74600995	18.3
2005 ES1	2005.166667	4.9	APO	14.97888034	5.56
2005 EM169	2005.25	3	APO	37.62524629	18.61
2005 FN	2005.25	0.4	ATE	14.30471967	10.62
2005 FA	2005.25	2.3	APO	31.29531674	15.03
2005 GA120	2005.333333	1.8	APO	35.93183125	12.14
2005 GB34	2005.333333	2.7	APO	28.54166809	11.96
2005 KA	2005.416667	4.3	ATE	39.39846951	3.8
2005 JZ93	2005.416667	3.1	APO	39.39846951	10.41
2005 LM3	2005.5	4	AMO	17.19805571	8.71
2005 LU3	2005.5	4.9	APO	19.74600995	9.5
2005 MA	2005.5	1.9	APO	14.30471967	13.51
2005 ND63	2005.583333	2	APO	19.74600995	8.06
2005 QP87	2005.666667	2.9	APO	9.8964481	2.73
2005 QP11	2005.75	4.2	ATE	18.0085751	4.99
2005 SO1	2005.75	4.8	APO	28.54166809	12.12
2005 TH45	2005.833333	3.2	APO	18.8572931	15.41
2005 SK26	2005.833333	4.4	APO	27.25708142	7.93
2005 TA	2005.833333	2	APO	12.45889	5.04
2005 TH50	2005.833333	4.9	ATE	8.619445965	4.51
2005 TC51	2005.833333	1.5	APO	11.89814758	9.25
2005 TV51	2005.833333	4.1	APO	18.0085751	9.62
2005 UA1	2005.833333	2.8	APO	19.74600995	14.9
2005 UF	2005.833333	3.9	APO	20.67661072	13.17
2005 UE1	2005.833333	2	ATE	19.74600995	4.72
2005 UW5	2005.833333	0.5	APO	10.85123956	9.78
2005 UV6	2005.833333	5	APO	11.89814758	7.62
2005 VO	2005.916667	2.1	APO	9.025667938	14.35
2005 VY1	2005.916667	3.4	APO	18.0085751	6.94
2005 VG7	2005.916667	3.9	APO	43.19956278	11.01
2005 VN5	2005.916667	1.3	ATE	13.66090123	6.59
2005 WA	2005.916667	3.1	APO	56.94811474	8.01
2005 WX	2005.916667	3.3	APO	14.30471967	5.5
2005 WN3	2005.916667	0.2	APO	3.593183125	19.3
2005 WM3	2005.916667	3.8	APO	9.8964481	8
2005 WY	2005.916667	2	APO	13.0460594	8.3
2005 XN27	2006	3.9	APO	43.19956278	13.01
2005 XA	2006	4.4	APO	18.8572931	12.65
2005 XA8	2006	0.6	APO	24.8587537	12.22
2005 XX	2006	2.3	APO	14.97888034	9.25
2005 YK	2006	3.4	APO	14.30471967	9.88
2005 XO66	2006	5	APO	41.25526218	8.4
2006 BW7	2006.083333	2.1	APO	17.19805571	9.39
2006 BB9	2006.083333	4.2	APO	23.73992548	13.64
2006 BM8	2006.083333	2.2	APO	29.88679546	14.96
2006 BY8	2006.083333	2.4	APO	16.4240157	15.58
2006 BA	2006.083333	1.3	APO	10.36285333	6.47
2006 BC8	2006.083333	4.7	APO	32.77021958	12.87
2006 BO7	2006.083333	1.9	APO	4.736737868	10.01
2006 BV39	2006.083333	0.9	APO	5.193729793	8.01
2006 BF56	2006.083333	0.5	APO	4.125526218	25.45
2006 BH99	2006.083333	1.2	APO	12.45889	17.86
2006 DR14	2006.166667	3	APO	20.67661072	12.94
2006 DD1	2006.166667	0.3	APO	17.19805571	17.23
2006 DM63	2006.166667	0.6	ATE	15.68481322	10.5
2006 DO62	2006.166667	2.1	APO	6.846669297	9.41
2006 EH1	2006.25	2	APO	17.19805571	12.59
2006 EC	2006.25	0.7	APO	16.4240157	7.65
2006 FU	2006.25	3.8	APO	26.03031067	12.31
2006 GU2	2006.333333	2.6	APO	9.451034563	7.43
2006 HF6	2006.333333	1.9	APO	45.23549545	16.29
2006 HE2	2006.333333	2.7	APO	17.19805571	5.26
2006 HU50	2006.416667	3.8	APO	39.39846951	6.4
2006 JO	2006.416667	4.8	APO	32.77021958	17.17
2006 HX57	2006.416667	3	APO	31.29531674	10.72
2006 JV26	2006.416667	2.5	APO	31.29531674	26.68
2006 JY26	2006.416667	1.1	APO	7.16934288	3.21
2006 KB1	2006.416667	2.9	APO	45.23549545	16.51
2006 LM	2006.5	3.7	APO	34.31463245	8.91
2006 MV1	2006.5	2.5	APO	14.97888034	5.04
2006 MB14	2006.5	1.7	APO	28.54166809	10.56
2004 XP14	2006.583333	1.1	APO	452.3549545	17.41
2006 OK3	2006.583333	0.7	APO	13.0460594	14.73
2006 QM111	2006.666667	0.4	APO	10.36285333	18.97
2006 RH120	2006.75	2.2	ATE	4.319956278	0.86
2006 SC	2006.75	2	APO	31.29531674	12.1
2006 RH2	2006.75	4.7	APO	12.45889	6.35
2006 SB	2006.75	3.8	APO	23.73992548	9.73
2006 SS131	2006.75	5	APO	24.8587537	6.29
2006 SO77	2006.75	1.6	APO	17.19805571	7.99
2006 SR131	2006.75	1.2	APO	8.619445965	8.64
2006 SN198	2006.75	2.8	APO	20.67661072	16.07
2006 SO198	2006.833333	1.2	APO	56.94811474	30.82
2006 TR7	2006.833333	3	APO	32.77021958	10.63
2006 RZ	2006.833333	5	APO	298.8679546	13.5
2006 UU17	2006.833333	2.3	APO	16.4240157	9.4
2006 UE64	2006.833333	0.4	APO	8.619445965	11.81
2006 UJ185	2006.833333	0.7	APO	9.025667938	15.59
2006 VE13	2006.916667	3.6	APO	16.4240157	12.27
2006 WP1	2006.916667	0.8	APO	7.861028149	18.01
2006 WX29	2006.916667	0.9	APO	9.451034563	21.19
2006 WV	2006.916667	0.9	APO	12.45889	14.76
2006 WV29	2006.916667	3.7	APO	17.19805571	16.55
2006 XR4	2007	1.6	APO	19.74600995	9.84
2006 XY	2007	4.8	APO	54.38502737	4.9
2006 XZ2	2007	4.8	APO	13.0460594	9.45
2006 RH120	2007.083333	1.4	ATE	4.319956278	1.04
2007 BD	2007.083333	0.8	ATE	28.54166809	7.6
2007 BB	2007.083333	1	ATE	9.451034563	4.7
2007 BU7	2007.083333	4.2	ATE	51.93729793	14.44
2007 BZ48	2007.166667	4.5	APO	21.65106937	8.25
2007 DC	2007.166667	1.6	APO	10.85123956	6.83
2007 CT26	2007.166667	2.4	ATE	71.6934288	10.88
2007 CC27	2007.166667	0.9	APO	13.66090123	10.94
2007 CC19	2007.166667	1.8	APO	13.66090123	18.89
2007 DD	2007.166667	4	ATE	23.73992548	3.28
2007 DS7	2007.166667	1.8	APO	23.73992548	12.6
2007 DN41	2007.166667	0.8	APO	18.0085751	13.06
2007 EZ25	2007.25	3.9	APO	27.25708142	21.13
2007 EK26	2007.25	1.8	APO	34.31463245	18.6
2007 EE126	2007.25	5	APO	26.03031067	30.13
2007 EH	2007.25	0.5	APO	10.36285333	17.4
2007 EN88	2007.25	2.3	APO	16.4240157	12.22
2007 EK	2007.25	0.7	APO	4.736737868	8.55
2007 FS3	2007.25	2.3	APO	20.67661072	8.24
2007 FP3	2007.25	3.4	APO	7.16934288	9.92
2007 EV	2007.25	4.7	APO	34.31463245	10.34
2007 EO88	2007.25	1.3	APO	18.0085751	10.97
2007 FC3	2007.25	3.4	APO	27.25708142	15.46
2006 RH120	2007.25	0.9	ATE	4.319956278	1.37
2007 FR3	2007.25	3.3	APO	10.85123956	10.5
2007 HD15	2007.333333	4.7	APO	54.38502737	9.84
2007 GU1	2007.333333	2.1	APO	34.31463245	16.93
2007 HV4	2007.333333	1.4	APO	6.244236613	8.69
2007 HB15	2007.333333	0.6	APO	9.451034563	6.65
2007 HC	2007.333333	4.8	APO	31.29531674	5.75
2007 JB21	2007.416667	1.6	ATE	28.54166809	7.44
2006 RH120	2007.5	0.7	ATE	4.319956278	1.57
2007 PF2	2007.666667	4	APO	45.23549545	18.47
2007 RS1	2007.75	0.2	APO	2.267145283	12.14
2007 RJ1	2007.75	2.5	APO	31.29531674	9.82
2007 SN6	2007.75	4.9	APO	31.29531674	18.07
2007 TL16	2007.833333	1.6	APO	19.74600995	11.39
2007 TH72	2007.833333	3.1	APO	49.59973446	17.57
2007 TX22	2007.833333	0.4	APO	7.16934288	9.24
2007 UO6	2007.833333	1	APO	11.89814758	11.96
2007 UN12	2007.833333	0.2	APO	6.244236613	3.73
2007 UD6	2007.833333	0.5	APO	7.507223601	6.36
2007 TW24	2007.833333	3	APO	20.67661072	12.1
2007 TH71	2007.833333	4.7	APO	17.19805571	7.43
2007 VC3	2007.833333	3.9	APO	37.62524629	11.8
2007 VJ3	2007.833333	4.8	APO	35.93183125	16.11
2007 VL3	2007.833333	3	APO	20.67661072	12.52
2007 US51	2007.833333	0.6	APO	12.45889	15.33
2007 VX83	2007.916667	3	APO	9.451034563	13.33
2007 WT3	2007.916667	3.6	APO	49.59973446	20.28
2007 WP3	2007.916667	4.9	APO	68.46669297	13.36
2007 WJ3	2007.916667	3.1	APO	19.74600995	11.77
2007 VF189	2007.916667	0.6	APO	7.507223601	11.61
2007 VE138	2007.916667	3	APO	23.73992548	15.09
2007 VE191	2007.916667	5	APO	65.38518418	16.41
2007 XN16	2008	4.9	APO	27.25708142	8.89
2007 XB23	2008	0.3	APO	13.0460594	5.38
2007 YN1	2008	1	APO	34.31463245	17.64
2007 YS56	2008	1.1	ATE	24.8587537	9.25
2007 YP56	2008	0.5	APO	23.73992548	21.34
2008 BC	2008.083333	4	APO	49.59973446	12.11
2008 AF3	2008.083333	1	APO	20.67661072	3.51
2008 CE6	2008.083333	4	APO	71.6934288	6.19
2008 BW2	2008.083333	0.9	APO	3.939846951	6.97
2008 BN16	2008.083333	4.7	APO	21.65106937	18.57
2007 TU24	2008.083333	1.4	APO	298.8679546	9.25
2008 CQ	2008.083333	4.9	APO	28.54166809	10.78
2008 BC15	2008.083333	0.8	APO	16.4240157	20.69
2008 EA9	2008.166667	1.6	APO	9.8964481	1.59
2008 CT1	2008.166667	0.3	ATE	9.8964481	13.96
2008 CE22	2008.166667	1	APO	18.0085751	8.63
2008 CD70	2008.166667	3.9	APO	12.45889	6.82
2008 CF22	2008.166667	1.5	APO	21.65106937	11.76
2008 DB	2008.166667	4.1	APO	24.8587537	6.73
2008 CK70	2008.166667	1	APO	35.93183125	15.44
2008 CM74	2008.166667	2.5	APO	8.231506992	4.34
2008 CB6	2008.166667	4.8	APO	14.30471967	7.71
2008 DU22	2008.25	3.1	APO	18.8572931	10.64
2008 EC32	2008.25	2	APO	15.68481322	16.78
2008 EG32	2008.25	3	APO	13.0460594	9.03
2008 EZ7	2008.25	0.4	APO	13.66090123	8.38
2008 EZ84	2008.25	2.2	APO	19.74600995	7.95
2008 EF32	2008.25	0.2	APO	4.523549545	13.56
2008 ED8	2008.25	1.4	APO	56.94811474	8.54
2008 EM68	2008.25	0.6	APO	10.85123956	18.8
2008 EJ85	2008.25	4.2	APO	32.77021958	7.4
2008 EK85	2008.25	4.4	APO	7.16934288	5.24
2008 FK	2008.25	0.8	APO	11.89814758	13.33
2008 FP	2008.25	0.4	APO	18.8572931	32.63
2008 GE128	2008.333333	3.3	APO	23.73992548	7.2
2008 GM2	2008.333333	0.5	APO	7.507223601	5.02
2008 GF1	2008.333333	0.8	APO	7.507223601	14.62
2008 GB21	2008.333333	2.6	APO	22.67145283	9.92
2008 GY21	2008.333333	1.6	APO	10.36285333	11.27
2008 GP3	2008.333333	3.2	APO	29.88679546	12.39
2008 GD110	2008.333333	3	APO	43.19956278	8.37
2008 HU4	2008.333333	2.5	APO	7.861028149	1.47
2008 HC38	2008.333333	2.2	APO	18.8572931	13.87
2008 JC	2008.333333	2.5	APO	17.19805571	13.85
2008 HJ	2008.333333	2.8	APO	23.73992548	7.79
2008 JP24	2008.416667	2.9	APO	15.68481322	6.85
2008 JL24	2008.416667	0.4	APO	4.125526218	3.52
2008 HR3	2008.416667	3.1	APO	37.62524629	15.52
2008 LD	2008.5	1.1	ATE	5.694811474	4.33
2008 KO	2008.5	4.4	APO	45.23549545	23.64
2008 KT	2008.5	3.3	APO	7.861028149	2.94
2008 LB	2008.5	3.4	APO	15.68481322	11.05
2008 OO8	2008.583333	2.3	APO	31.29531674	8.28
2008 OY2	2008.583333	2.9	APO	11.89814758	9.59
2008 OT7	2008.583333	0.5	APO	13.0460594	9.75
2008 ST7	2008.75	2.3	APO	51.93729793	9.9
2008 ST1	2008.75	1.5	APO	12.45889	7.75
2008 RW24	2008.75	5	APO	90.25667938	11.02
2008 SA	2008.75	2.4	APO	34.31463245	7.79
2008 TE	2008.75	3	APO	9.8964481	12.07
2008 ST	2008.75	4	ATE	13.0460594	3.05
2008 TL	2008.75	2.7	APO	10.85123956	11.5
2008 TE2	2008.75	4.4	APO	11.89814758	4.74
2008 TS10	2008.75	4.2	APO	5.438502737	3.58
2008 TN9	2008.833333	0.6	APO	9.451034563	9.07
2008 UB95	2008.833333	4.4	ATE	39.39846951	9.08
2008 UA202	2008.833333	0.9	APO	4.523549545	2.84
2008 UR2	2008.833333	1.5	APO	13.66090123	9.03
2008 UF1	2008.833333	3.8	APO	21.65106937	18.38
2008 UM1	2008.833333	0.2	APO	1.30460594	15.62
2008 TT26	2008.833333	3.6	APO	65.38518418	5.87
2008 UW99	2008.833333	3.4	APO	39.39846951	10.43
2008 VL	2008.833333	2.5	APO	9.451034563	10.6
2008 VU3	2008.833333	3.7	APO	71.6934288	10.62
2010 HW20	2008.916667	3.5	APO	20.67661072	4.48
2008 UT95	2008.916667	1.5	APO	11.36264273	14.51
2008 UC7	2008.916667	4.5	APO	13.66090123	12.3
2008 VM	2008.916667	0.1	APO	3.129531674	11.11
2008 VB4	2008.916667	1.3	APO	7.861028149	12.27
2008 VC	2008.916667	4.4	APO	14.30471967	4.78
2008 WO2	2008.916667	1	APO	3.762524629	6.29
2004 XK3	2008.916667	1.8	APO	45.23549545	6.75
2008 WM61	2008.916667	3.5	APO	15.68481322	4.79
2008 WG96	2008.916667	1.4	APO	19.74600995	15.88
2008 XU2	2008.916667	2.1	APO	26.03031067	10.96
2008 WY94	2009	3.2	APO	26.03031067	4.48
2008 WG14	2009	4.8	APO	37.62524629	11.35
2008 XK	2009	1.5	APO	12.45889	14.15
2008 XC1	2009	4.1	APO	62.44236613	12.51
2008 YH30	2009	3.6	APO	14.97888034	10.37
2008 YC29	2009.083333	3.4	ATE	29.88679546	11.89
2008 YG30	2009.083333	3.6	APO	41.25526218	11.66
2008 YV32	2009.083333	2.7	APO	18.8572931	8.63
2009 BS5	2009.083333	2.4	APO	11.36264273	5.86
2009 BJ2	2009.083333	4.6	ATE	13.0460594	9.04
2009 BF58	2009.083333	2.4	APO	11.89814758	6.93
2009 BE	2009.083333	2.1	APO	20.67661072	11.67
2009 BH11	2009.083333	1.8	APO	18.0085751	13.05
2009 BD	2009.083333	1.8	APO	8.231506992	1.49
2009 BK58	2009.166667	1.7	APO	23.73992548	9.52
2009 BG81	2009.166667	4.4	APO	9.025667938	7.61
2009 CC2	2009.166667	0.5	APO	9.451034563	19.88
2011 CZ3	2009.166667	1.8	APO	18.8572931	13.66
2009 BL58	2009.166667	4.7	APO	39.39846951	10.65
208023 1999 AQ10	2009.166667	4.4	ATE	285.4166809	8.27
2009 DC45	2009.166667	3.8	APO	10.36285333	8.41
2009 DM40	2009.166667	2.1	APO	14.97888034	8.71
2009 CV	2009.166667	4.8	APO	47.36737868	3.89
2009 DU10	2009.166667	2.2	APO	14.30471967	8.39
2009 DT43	2009.166667	1	APO	15.68481322	13.79
2009 EJ1	2009.166667	0.2	APO	7.16934288	11.47
2009 DD45	2009.25	0.2	APO	23.73992548	8.82
2009 EW	2009.25	0.9	APO	18.0085751	12.87
2009 EH1	2009.25	1.6	APO	9.025667938	10.67
2009 EU	2009.25	3.5	APO	16.4240157	10.83
2007 FS3	2009.25	4.8	APO	20.67661072	7.88
2009 FJ	2009.25	4.9	APO	35.93183125	9.4
2009 FW4	2009.25	2.8	APO	41.25526218	13.41
2009 FH	2009.25	0.2	APO	16.4240157	6.58
2009 FK	2009.25	1	APO	7.507223601	7.28
2009 DO111	2009.25	1.2	APO	94.51034563	9.1
2009 FT23	2009.25	4.7	APO	22.67145283	15.28
2009 FD	2009.25	1.6	APO	130.460594	16.02
2009 FO32	2009.25	3.8	APO	24.8587537	15.88
2009 FQ32	2009.25	3.3	APO	14.97888034	4.66
2009 FP32	2009.25	1.2	APO	9.8964481	15.02
2009 HJ21	2009.333333	1.3	APO	10.85123956	20.37
2009 HW67	2009.333333	1.1	APO	20.67661072	23.01
2009 HS44	2009.333333	4.6	APO	17.19805571	18.02
2009 HK73	2009.333333	1.2	APO	18.8572931	7.56
2009 JS	2009.333333	3.3	APO	24.8587537	9.41
2009 JF1	2009.416667	0.8	APO	13.0460594	24
2009 JL2	2009.416667	0.7	APO	21.65106937	12.92
2009 KW2	2009.416667	1.3	APO	16.4240157	4.83
2009 LD	2009.416667	3.8	ATE	19.74600995	6.32
2009 LA	2009.416667	2.9	APO	18.8572931	10.5
2009 KR21	2009.5	0.7	APO	15.68481322	12.98
2009 MU	2009.5	2.3	APO	41.25526218	13.02
2009 PA3	2009.666667	3.9	APO	29.88679546	12.81
2009 QR	2009.666667	3.4	APO	11.36264273	5.29
2009 QK9	2009.666667	4.3	APO	78.61028149	14.87
2009 QH34	2009.666667	4.4	APO	35.93183125	7.86
2009 QC35	2009.75	2.9	APO	28.54166809	10.15
2009 SD	2009.75	2.9	APO	28.54166809	15.38
2009 RY3	2009.75	1.9	APO	41.25526218	20.23
2009 SH1	2009.75	2.8	APO	4.523549545	7.94
2009 RR	2009.75	2.8	APO	27.25708142	12.79
2009 SC170	2009.75	4.4	APO	8.619445965	5.63
2009 SP104	2009.75	3.4	APO	15.68481322	17.32
2009 SN103	2009.75	1.2	APO	10.36285333	5.62
2009 SH2	2009.75	2.8	ATE	35.93183125	4.4
2009 TB	2009.833333	0.2	APO	4.959973446	15.15
2009 SU104	2009.833333	2.5	APO	26.03031067	17.23
2009 TD17	2009.833333	0.7	APO	9.8964481	6.83
2009 TU	2009.833333	0.8	APO	11.89814758	15.25
2009 TM8	2009.833333	0.9	APO	7.16934288	8.14
2009 TH8	2009.833333	4.5	APO	35.93183125	13.11
2009 UE	2009.833333	2.3	APO	28.54166809	7.38
2009 UD	2009.833333	2	APO	12.45889	3.96
2009 UU1	2009.833333	3.5	APO	39.39846951	10.68
2009 UW87	2009.833333	1.6	APO	8.619445965	10.88
2009 VA	2009.916667	0.05	APO	6.538518418	10.3
2009 VT1	2009.916667	1.4	APO	4.319956278	7.17
2009 VX	2009.916667	2.6	APO	19.74600995	14
2009 VZ39	2009.916667	0.7	APO	8.231506992	7.83
2009 WP6	2009.916667	0.7	APO	14.97888034	25.36
2009 WU25	2009.916667	4.8	APO	34.31463245	9.67
2009 WQ6	2009.916667	0.9	ATE	4.959973446	12.42
2009 WX7	2009.916667	3.7	APO	14.30471967	7.09
2009 WR52	2009.916667	3.4	APO	7.507223601	5.47
2009 WW7	2009.916667	1.8	APO	5.694811474	8.38
2009 WJ6	2009.916667	0.5	APO	11.36264273	18.24
2009 WD54	2009.916667	2.8	ATE	6.846669297	7.28
2009 WG106	2009.916667	4.3	APO	27.25708142	5.12
2009 WV51	2009.916667	0.4	APO	13.0460594	13.8
2009 WQ52	2009.916667	3.3	APO	8.231506992	13.36
2009 WV25	2010	2.9	APO	54.38502737	10.9
2009 YS	2010	1.5	APO	29.88679546	4.81
2009 XR1	2010	2	APO	4.959973446	6.47
2009 YR	2010	4.3	ATE	8.619445965	2.86
2010 AH3	2010	4.3	APO	18.8572931	7.37
2010 AR1	2010	4.4	APO	23.73992548	6.29
2010 AN60	2010.083333	3.9	APO	14.30471967	12.76
2010 AL30	2010.083333	0.3	APO	12.45889	9.95
2010 AG30	2010.083333	2.7	APO	13.0460594	18.63
2010 AF40	2010.083333	2.3	APO	34.31463245	14.23
2010 CB19	2010.166667	4.8	APO	43.19956278	10.05
2010 CS19	2010.166667	1.9	APO	8.619445965	6.96
2010 CK19	2010.166667	0.9	ATE	9.025667938	5.3
2010 CJ18	2010.166667	3.2	APO	14.97888034	8.31
2010 DJ1	2010.166667	1	APO	14.30471967	19.98
2010 DE2	2010.166667	3.8	APO	14.97888034	5.8
2010 DU1	2010.166667	4.3	APO	17.19805571	14.14
2010 ES12	2010.25	1.3	APO	24.8587537	13.96
2010 FS	2010.25	4.1	ATE	49.59973446	7.81
2010 FD6	2010.25	2.5	APO	14.97888034	10.6
2010 FM	2010.25	4.4	ATE	13.0460594	6.6
2010 EF43	2010.25	5	APO	18.0085751	14.49
2010 FU9	2010.25	1.5	APO	14.30471967	10.83
2010 FW9	2010.25	3	APO	15.68481322	8.87
2010 GH7	2010.333333	2	APO	11.89814758	5.3
2010 GV23	2010.333333	2.1	ATE	10.36285333	5.66
2010 GF7	2010.333333	2.8	APO	22.67145283	9.7
2010 GA6	2010.333333	1.1	APO	21.65106937	12.08
2010 GM23	2010.333333	3.4	APO	39.39846951	13.68
2010 HP20	2010.333333	0.6	APO	10.85123956	11.18
2010 HF	2010.333333	2.3	APO	19.74600995	5.28
2010 JW34	2010.416667	2.7	ATE	8.231506992	1.74
2010 JA	2010.416667	1.8	APO	13.66090123	8.45
2010 JO33	2010.416667	3.6	APO	34.31463245	8.1
2010 JL88	2010.416667	1	APO	14.97888034	14.86
2010 KK37	2010.416667	2	APO	24.8587537	11.26
2010 KO10	2010.416667	0.5	APO	13.0460594	11.94
2010 KV39	2010.416667	0.7	ATE	14.97888034	10.44
2010 NH	2010.5	2.6	APO	24.8587537	10.27
2010 NN	2010.583333	1.4	APO	7.16934288	7.83
2010 PJ9	2010.666667	2.8	APO	37.62524629	13.16
2010 RZ11	2010.666667	2.4	APO	16.4240157	14.26
2010 QG2	2010.75	4.6	APO	47.36737868	13.23
2010 RB12	2010.75	2.5	APO	13.66090123	13.12
2010 RM80	2010.75	1.8	APO	9.025667938	5.6
2010 RX30	2010.75	0.6	ATE	13.0460594	10
2010 RF12	2010.75	0.2	APO	8.231506992	6
2010 RK53	2010.75	0.2	APO	9.025667938	8.81
2010 RS80	2010.75	2.2	APO	17.19805571	9.82
2010 SW3	2010.75	2.3	APO	16.4240157	7.71
2010 RM82	2010.75	2.2	APO	22.67145283	13.16
2010 SP3	2010.75	4.8	APO	37.62524629	16.94
2010 TD	2010.75	1.9	APO	14.97888034	18.69
2010 TN4	2010.75	3.7	APO	10.85123956	7.67
2010 SK13	2010.75	0.7	APO	11.36264273	18.63
2010 TW149	2010.833333	2.9	APO	22.67145283	17.3
2010 TW54	2010.833333	0.4	APO	10.36285333	8.07
2010 UH	2010.833333	4.3	APO	13.0460594	6.8
2010 TS19	2010.833333	3.7	APO	24.8587537	18.16
2010 TO55	2010.833333	2.3	APO	17.19805571	6.94
2010 TN55	2010.833333	0.9	APO	14.30471967	25.45
2010 TD54	2010.833333	0.1	APO	5.694811474	17.54
2010 UC	2010.833333	2.3	ATE	11.36264273	2.91
2010 TG54	2010.833333	4.4	APO	16.4240157	13.28
2010 UE	2010.833333	0.3	APO	4.125526218	17.35
2010 UK	2010.833333	2.2	ATE	14.97888034	6.03
2010 TK	2010.833333	4.4	APO	29.88679546	10.19
2010 TE55	2010.833333	1	ATE	8.619445965	3.4
2010 TG19	2010.833333	1.1	APO	56.94811474	10.68
2010 UY7	2010.833333	0.6	ATE	6.846669297	4.26
2010 UR7	2010.833333	2.5	APO	11.36264273	13.38
2003 UV11	2010.833333	5	APO	431.9956278	25.35
2010 UM7	2010.916667	4.6	APO	10.36285333	13.13
2010 UJ7	2010.916667	0.7	ATE	28.54166809	9.38
2010 VZ11	2010.916667	1.8	APO	26.03031067	4.99
2010 VN1	2010.916667	0.3	APO	7.507223601	11.28
2010 VQ98	2010.916667	1.9	APO	7.861028149	1.35
2010 VO21	2010.916667	3.2	APO	6.244236613	4.18
2010 VR21	2010.916667	0.9	APO	4.736737868	14.25
2012 VE26	2010.916667	3.3	APO	7.16934288	18.75
2010 VB	2010.916667	5	ATE	26.03031067	9.53
2010 VL65	2010.916667	2.6	APO	7.16934288	4.37
2010 VO139	2010.916667	3.1	APO	17.19805571	21.27
2010 VP139	2010.916667	0.2	APO	4.959973446	9.44
2010 VC140	2010.916667	0.8	APO	9.025667938	4.83
2010 VW194	2010.916667	1.3	APO	17.19805571	7.52
2010 WB	2010.916667	4.8	APO	51.93729793	6.39
2010 RF181	2010.916667	4.3	APO	248.587537	7.87
2010 WC1	2010.916667	4.6	APO	9.8964481	4.05
2010 UE51	2010.916667	2.7	APO	7.507223601	1.17
2010 VK139	2010.916667	2.8	ATE	62.44236613	13.86
2010 WA	2010.916667	0.1	APO	3.431463245	13.07
2010 WD1	2010.916667	3.6	ATE	17.19805571	7.63
2010 XR	2010.916667	0.5	APO	14.30471967	19.64
2010 XB	2010.916667	0.1	APO	4.125526218	20.09
2010 XX	2011	3.7	APO	12.45889	8.46
2010 XA11	2011	2.7	ATE	20.67661072	11.67
2010 XS45	2011	3.2	APO	16.4240157	12.82
2010 XC	2011	4.5	APO	5.963199671	5.37
2010 XA25	2011	4.5	APO	14.97888034	7.61
2010 WA9	2011	2.9	APO	26.03031067	8.08
2010 XM56	2011	1.7	APO	32.77021958	15.34
2010 XO69	2011	2.8	APO	13.0460594	7.1
2010 YO	2011	2	ATE	41.25526218	14.86
2010 XN69	2011	4.3	APO	19.74600995	8.2
2011 AF3	2011.083333	4.5	APO	32.77021958	33.26
2011 AZ22	2011.083333	1.3	APO	6.538518418	12.7
2009 BS5	2011.083333	3.7	APO	11.36264273	5.53
2011 AM37	2011.083333	0.3	APO	3.939846951	4.41
2011 AH5	2011.083333	3.3	APO	21.65106937	9.74
2011 AY22	2011.083333	4.1	APO	13.0460594	13.36
2011 AN52	2011.083333	0.8	APO	6.538518418	15.92
2011 BY10	2011.083333	0.9	APO	13.0460594	7.84
2011 BZ11	2011.083333	4.8	APO	24.8587537	13.01
2011 BW11	2011.083333	0.3	APO	7.507223601	23.95
2011 AL37	2011.083333	2.2	APO	47.36737868	14.63
2011 CA4	2011.083333	0.6	APO	13.0460594	6
2011 CQ1	2011.166667	0.03	ATE	1.30460594	9.69
2011 CF22	2011.166667	0.1	APO	2.267145283	19.6
2011 CU46	2011.166667	4.5	APO	27.25708142	16.44
2011 CA7	2011.166667	0.3	APO	2.988679546	9.33
2011 CZ3	2011.166667	2.5	APO	18.8572931	13.44
2011 DS	2011.166667	2	APO	14.30471967	6.47
2011 DU9	2011.166667	0.7	APO	15.68481322	8.92
2011 EB	2011.166667	2.4	APO	14.30471967	10.27
2011 ED12	2011.166667	4	APO	14.97888034	3.24
2011 DE5	2011.25	4.9	APO	18.0085751	15.08
2011 EN11	2011.25	0.6	APO	9.025667938	11.21
2011 EO11	2011.25	1.8	APO	11.36264273	11.57
2011 EY11	2011.25	0.3	APO	6.846669297	11.86
2011 EM40	2011.25	0.6	APO	8.619445965	10.79
2011 EL40	2011.25	3.3	APO	18.0085751	17.87
2011 EC12	2011.25	3.3	APO	23.73992548	15.26
2011 EV73	2011.25	1.5	APO	7.16934288	5.48
2011 EU20	2011.25	1.6	APO	12.45889	9.33
2011 EB74	2011.25	0.9	ATE	14.30471967	7.71
2011 FQ21	2011.25	1.5	APO	7.861028149	7.49
2011 FQ6	2011.25	1.5	ATE	9.8964481	10.4
2011 FA23	2011.333333	2.1	APO	5.694811474	14.08
2011 GW9	2011.333333	0.5	APO	8.231506992	11.36
2011 GP28	2011.333333	0.2	APO	4.523549545	14.8
2011 GZ2	2011.333333	2.7	APO	20.67661072	15.56
2011 GE	2011.333333	4.8	APO	21.65106937	9.69
2011 GP59	2011.333333	1.4	ATE	47.36737868	8.05
2011 HN24	2011.333333	1.6	APO	10.36285333	6.27
2011 JA	2011.333333	1.6	APO	188.572931	22.72
2011 JM5	2011.416667	2.9	ATE	18.8572931	6.78
2011 HP4	2011.416667	3.3	APO	10.85123956	14.41
2011 JV10	2011.416667	0.9	APO	3.939846951	5.33
2011 KG13	2011.416667	3.2	APO	24.8587537	13.04
2009 BD	2011.5	0.9	APO	8.231506992	1.91
2011 KE15	2011.5	3.7	APO	14.30471967	8.14
2011 LT17	2011.5	4.6	APO	164.240157	13.56
2011 MX	2011.5	2.5	APO	14.30471967	12.41
2011 MD	2011.5	0.05	AMO	8.619445965	6.7
2011 PU1	2011.583333	0.9	APO	34.31463245	5.6
2011 OD18	2011.583333	0.4	APO	17.19805571	9.54
2011 PE2	2011.583333	3.5	APO	82.31506992	9.5
2011 OJ45	2011.666667	4.6	APO	21.65106937	6.05
2011 QF48	2011.666667	3.4	APO	28.54166809	20.08
2011 SO189	2011.75	1.2	APO	17.19805571	13.05
2011 SE58	2011.75	0.6	APO	9.451034563	15.85
2011 SC108	2011.75	1.2	APO	9.025667938	20.67
2011 TO	2011.75	0.3	ATE	18.8572931	8.86
2011 SM173	2011.75	0.8	APO	9.451034563	12.71
2011 UQ63	2011.833333	4.3	APO	49.59973446	13.34
2011 UK10	2011.833333	4.4	APO	32.77021958	7.25
2011 UT	2011.833333	0.6	APO	21.65106937	10.17
2011 UD21	2011.833333	1.9	ATE	6.846669297	1.52
2011 UB	2011.833333	5	APO	10.85123956	6.36
2009 TM8	2011.833333	0.9	APO	7.16934288	8.18
2011 UL10	2011.833333	3.5	APO	32.77021958	15.1
2011 UC64	2011.833333	1.3	APO	9.025667938	14.02
2011 UL169	2011.833333	0.7	APO	7.507223601	9.54
2011 UC190	2011.833333	1.8	APO	20.67661072	10.92
2011 UX255	2011.833333	0.4	APO	11.36264273	26.97
308635 2005 YU55	2011.916667	0.8	APO	143.0471967	13.72
2011 WF44	2011.916667	2.6	APO	29.88679546	14.83
2011 WJ15	2011.916667	2.6	APO	31.29531674	26.33
2011 WQ4	2011.916667	2	APO	11.36264273	7.57
2011 WP4	2011.916667	1.5	APO	12.45889	10.83
2011 WN69	2011.916667	1.5	APO	19.74600995	23.86
2011 WV74	2012	2.3	APO	10.36285333	18.25
2011 XC2	2012	0.9	APO	82.31506992	20.93
2011 WU74	2012	4.2	APO	18.8572931	17.65
2003 XV	2012	1.1	APO	15.68481322	11.93
2011 YQ1	2012	1	APO	26.03031067	11.79
2000 YA	2012	2.9	APO	62.44236613	13.62
2011 YC40	2012	0.3	APO	3.939846951	11.36
2012 AQ	2012	0.7	APO	2.48587537	3.28
2011 YC63	2012	0.6	APO	5.438502737	18.8
2012 AP10	2012	1.1	ATE	18.0085751	3.86
2011 YB63	2012.083333	0.6	APO	3.762524629	8.53
2011 YL28	2012.083333	3.7	APO	34.31463245	7.65
2012 AW10	2012.083333	3.4	APO	24.8587537	10.92
2012 BO11	2012.083333	3.9	APO	21.65106937	7.82
2012 BU1	2012.083333	3.6	APO	9.8964481	9.28
2012 BK14	2012.083333	4.3	ATE	11.36264273	5.47
2012 AQ10	2012.083333	2.2	APO	15.68481322	7.08
2012 BV61	2012.083333	4.9	APO	31.29531674	4.65
2012 BL14	2012.083333	1.2	APO	7.861028149	19.91
2012 BV1	2012.083333	0.8	APO	2.165106937	8.65
2012 BF27	2012.083333	1.9	APO	20.67661072	13.85
2012 BS1	2012.083333	3.1	APO	7.16934288	8.85
2012 BY1	2012.083333	2	APO	24.8587537	18.45
2012 BW13	2012.083333	1.7	APO	12.45889	11.8
2012 BA102	2012.083333	2.6	APO	16.4240157	7.51
2012 BX34	2012.083333	0.2	ATE	10.36285333	9.99
2012 CU	2012.083333	2.4	APO	20.67661072	10.85
2012 CQ46	2012.166667	3.6	APO	12.45889	12.97
2012 CL17	2012.166667	4.5	APO	24.8587537	21.8
2012 DY13	2012.166667	0.3	APO	9.451034563	17.2
2012 DF4	2012.166667	3.4	APO	22.67145283	16.17
2012 DX	2012.166667	2	APO	13.0460594	10.6
2012 DJ54	2012.166667	1.5	APO	6.538518418	5.45
2012 DZ	2012.166667	2.5	APO	20.67661072	16.46
2012 DX13	2012.166667	4.9	APO	54.38502737	24.44
2012 CS46	2012.166667	2.7	APO	9.8964481	7.25
2012 DS32	2012.25	1.9	APO	18.8572931	9.32
2012 EZ1	2012.25	0.6	APO	5.963199671	13.78
2012 EP10	2012.25	1.4	APO	5.193729793	3.16
2012 EA	2012.25	2.6	APO	14.30471967	5.14
2012 DH54	2012.25	3.3	ATE	10.85123956	4.79
2012 DW60	2012.25	2.5	APO	17.19805571	5.64
2012 FG	2012.25	1.6	APO	19.74600995	15.68
2012 EN5	2012.25	1.4	APO	11.89814758	9.89
2012 FM35	2012.25	3.7	APO	11.89814758	3.17
2012 EO8	2012.25	3.6	APO	47.36737868	12.5
2012 FX35	2012.25	3.7	APO	23.73992548	5.81
2012 FT35	2012.25	1.9	ATE	4.959973446	4.52
2012 FU23	2012.25	3.1	APO	10.36285333	18.32
2012 FP35	2012.25	0.4	APO	9.025667938	14.18
2012 FS35	2012.25	0.2	APO	3.129531674	4.83
2012 GE	2012.25	3.6	APO	14.97888034	10.73
2012 EG5	2012.333333	0.6	APO	47.36737868	8.54
2012 FH58	2012.333333	3.6	APO	13.0460594	9.72
2012 FA57	2012.333333	1.1	APO	21.65106937	9.24
2012 HG2	2012.333333	1.2	APO	13.66090123	3.64
2012 GW11	2012.333333	4.9	APO	18.0085751	17.19
2007 HV4	2012.333333	4.8	APO	6.244236613	8.98
2012 HM13	2012.333333	0.7	APO	8.231506992	13.05
2012 HP13	2012.333333	2	ATE	49.59973446	12.94
2012 HM	2012.333333	1.4	APO	51.93729793	6.45
2012 HE31	2012.333333	2.7	APO	23.73992548	10.46
2012 HA34	2012.416667	2.9	APO	29.88679546	11.87
2012 JU	2012.416667	0.5	APO	7.507223601	13.38
2012 KA	2012.416667	0.6	APO	6.538518418	14.49
2010 KK37	2012.416667	2.3	APO	24.8587537	10.94
2012 KW	2012.416667	3.4	APO	14.97888034	10.12
2012 KT12	2012.416667	1.4	APO	18.8572931	3.77
2012 KC45	2012.416667	2	APO	4.523549545	6.17
2012 KP24	2012.416667	0.1	APO	18.0085751	13.27
2012 KT42	2012.416667	0.05	APO	5.438502737	17.04
2012 LA11	2012.5	3.1	ATE	20.67661072	3.75
2012 LJ	2012.5	1.6	APO	26.03031067	18.84
2012 MF7	2012.5	0.8	APO	14.30471967	8.81
1999 XL136	2012.5	4.5	APO	412.5526218	19.55
2012 MY2	2012.5	1.3	APO	18.0085751	3.78
2012 PZ17	2012.666667	3	ATE	15.68481322	3.56
2012 QH14	2012.666667	3.5	APO	11.89814758	10.82
2012 RT16	2012.75	4.9	ATE	14.30471967	10.32
2012 SB3	2012.75	3	APO	9.8964481	8.28
2012 SR56	2012.75	4.4	APO	47.36737868	9.91
2012 SW2	2012.75	1.8	APO	10.85123956	16.17
2012 SL50	2012.75	2.8	APO	18.0085751	12.03
2012 SY49	2012.75	2.6	APO	23.73992548	15.85
2012 TP20	2012.833333	3.1	APO	9.451034563	7.55
2012 TE53	2012.833333	1.6	APO	17.19805571	10.14
2012 TJ53	2012.833333	3.1	APO	18.8572931	14
2012 TV	2012.833333	0.7	APO	31.29531674	16.79
2012 TM79	2012.833333	0.2	APO	16.4240157	9.86
2012 TC4	2012.833333	0.2	APO	15.68481322	7.12
2012 TU231	2012.833333	3.5	APO	19.74600995	10.16
2012 TQ231	2012.833333	1.7	APO	10.36285333	13.94
2012 TQ146	2012.833333	3	APO	18.0085751	9.32
2012 UU158	2012.833333	4.2	APO	16.4240157	11.95
2012 UE	2012.833333	2	APO	7.16934288	13.51
2012 UF34	2012.833333	2.8	APO	37.62524629	10.32
2012 US18	2012.833333	1.6	APO	6.538518418	10
2012 UU169	2012.833333	3	APO	26.03031067	11.36
2012 VB20	2012.833333	2.7	APO	47.36737868	13.1
2012 UX136	2012.916667	2.7	APO	26.03031067	5.35
2012 VT76	2012.916667	1.5	APO	15.68481322	11.64
2012 VD5	2012.916667	1.5	APO	18.8572931	11.41
2012 VR76	2012.916667	4.5	APO	10.36285333	4.59
2012 VE26	2012.916667	1.6	APO	7.16934288	18.92
2012 VB5	2012.916667	4.7	APO	20.67661072	16.87
2012 VQ6	2012.916667	1.8	APO	13.66090123	12.95
2012 VV76	2012.916667	4.4	APO	26.03031067	13.77
2012 VC26	2012.916667	2.3	ATE	6.244236613	5.35
2012 VH77	2012.916667	0.5	APO	11.89814758	11.28
2012 VJ38	2012.916667	0.6	APO	6.846669297	4.89
2012 WF	2012.916667	4.4	APO	20.67661072	9.56
2012 WQ3	2012.916667	1.9	APO	28.54166809	23.56
2012 WR10	2012.916667	1.9	APO	6.244236613	3.08
2012 VS76	2012.916667	2.4	ATE	14.30471967	11.33
2012 VE77	2012.916667	4.5	APO	18.8572931	15.03
2012 XP2	2012.916667	2.4	APO	49.59973446	11.09
2012 XJ112	2013	2.4	APO	14.30471967	11.04
2012 XE54	2013	0.6	APO	28.54166809	13.27
2012 XL55	2013	4.2	APO	13.66090123	18.76
2012 XN134	2013	4.6	APO	9.8964481	7.11
2012 XB112	2013	0.8	APO	3.593183125	4.43
2012 XP134	2013	1.2	APO	10.36285333	8.84
2012 XL134	2013	0.7	APO	9.451034563	10.04
2012 XH112	2013	1.7	APO	14.30471967	14.4
2012 XM16	2013	3.1	APO	22.67145283	13
2012 XM55	2013	3	APO	9.025667938	2.87
2013 AC4	2013	2.6	APO	21.65106937	20.09
2013 AH53	2013.083333	3.2	APO	24.8587537	11.71
2013 AC53	2013.083333	2.9	APO	19.74600995	6.55
2013 AG69	2013.083333	1.8	APO	11.89814758	17.31
2013 AB65	2013.083333	1.6	APO	10.36285333	24.31
2013 BY2	2013.083333	2.5	APO	12.45889	11.58
2013 BL18	2013.083333	1.3	APO	22.67145283	14.33
2013 BM18	2013.083333	2.3	APO	13.66090123	8.96
2013 BR27	2013.083333	0.6	APO	9.451034563	11.16
2013 AP72	2013.083333	1.9	APO	16.4240157	8.72
2013 BT15	2013.083333	4.6	APO	11.89814758	6.97
2013 CY	2013.083333	0.9	APO	7.507223601	2.93
2013 CL22	2013.166667	1.2	APO	39.39846951	9.65
2013 CY32	2013.166667	0.3	APO	8.231506992	32.21
2013 BA74	2013.166667	4.5	APO	27.25708142	7.18
2013 CL129	2013.166667	0.7	APO	7.16934288	6.07
2013 BS45	2013.166667	4.9	ATE	22.67145283	3.08
2013 BV15	2013.166667	3.7	APO	47.36737868	8.21
367943 Duende	2013.166667	0.09	ATE	54.38502737	7.82
2013 DB	2013.166667	5	APO	26.03031067	6.04
2013 DP1	2013.166667	1.7	APO	8.231506992	14.45
2013 CE82	2013.166667	4.6	APO	41.25526218	13.17
2013 CW129	2013.166667	1.3	APO	9.025667938	16.65
2013 EB	2013.166667	1	APO	12.45889	13.57
2013 EV27	2013.166667	3	APO	13.66090123	12.53
2013 EQ41	2013.25	4.9	APO	27.25708142	7.68
2013 EC	2013.25	1	APO	9.451034563	20.17
2013 EC20	2013.25	0.4	APO	5.438502737	3.57
2013 ET	2013.25	2.5	APO	82.31506992	11.88
2013 EN20	2013.25	1.2	APO	5.193729793	7.3
2013 EA29	2013.25	3.5	APO	17.19805571	14.59
2013 ED68	2013.25	1.4	APO	8.619445965	6.65
2007 EO88	2013.25	4.4	APO	18.0085751	10.65
2013 FU13	2013.25	1.8	APO	12.45889	5.94
2013 FG	2013.25	3.8	APO	26.03031067	9.21
2013 GD55	2013.25	2.4	APO	75.07223601	8.5
2013 EL89	2013.25	4.6	APO	21.65106937	8.92
2013 FB8	2013.25	4.2	APO	35.93183125	7.86
2013 GA55	2013.333333	3	APO	10.36285333	9.59
2013 GW38	2013.333333	1.3	APO	7.16934288	10.52
2010 GM23	2013.333333	3.9	APO	39.39846951	13.14
2013 GH66	2013.333333	4	APO	8.619445965	2.21
2013 HT14	2013.333333	2.2	APO	18.8572931	21.15
2013 HT25	2013.333333	0.1	APO	5.963199671	29.78
2013 JO7	2013.416667	3.4	APO	21.65106937	5.79
2013 JV17	2013.416667	4.1	APO	9.8964481	8.69
2013 JD34	2013.416667	2.3	APO	34.31463245	20.3
2013 KA	2013.416667	2.1	APO	9.025667938	5.18
2013 KT1	2013.416667	3.2	ATE	16.4240157	5.83
2013 KB	2013.416667	3.2	APO	12.45889	6.75
2013 KS1	2013.416667	4.8	APO	14.97888034	9.5
2013 LR6	2013.5	0.3	APO	9.451034563	9.88
2013 NH4	2013.583333	4.3	APO	23.73992548	13.55
2013 NE24	2013.583333	2	APO	11.89814758	11.76
2013 NJ4	2013.583333	3.9	APO	11.36264273	5.4
2013 PG10	2013.583333	1.4	APO	9.451034563	7.05
2013 PJ10	2013.666667	1	APO	41.25526218	6.94
2013 PS13	2013.666667	0.5	APO	12.45889	17.39
2013 PR43	2013.666667	2.6	APO	71.6934288	6.79
2013 QM48	2013.666667	1.2	APO	11.36264273	7.66
2013 QP48	2013.666667	1.1	APO	9.451034563	8.74
2013 RY29	2013.75	4.3	APO	19.74600995	10.24
2013 RE32	2013.75	2.2	APO	41.25526218	9.81
2013 RG	2013.75	0.6	APO	4.523549545	16.17
2013 RZ5	2013.75	1.1	APO	7.16934288	17.12
2013 RO30	2013.75	0.8	APO	7.16934288	9.4
2013 RF32	2013.75	0.4	APO	6.244236613	19.85
2013 RQ5	2013.75	4.8	APO	21.65106937	22.76
2013 RR43	2013.75	1.5	APO	28.54166809	19.06
2013 RS73	2013.75	1.6	APO	11.89814758	14.81
2013 RS43	2013.75	2.9	APO	13.66090123	5.96
2013 RM73	2013.75	2.3	APO	15.68481322	9.9
2013 SW19	2013.75	4.5	APO	13.66090123	8.43
2013 RZ53	2013.75	0.6	ATE	2.067661072	2.18
2013 SP19	2013.75	1.8	APO	4.959973446	5.19
2013 TG6	2013.75	3.5	ATE	16.4240157	4.12
2013 SK20	2013.75	2.3	APO	11.36264273	11.29
2013 TM69	2013.75	4.1	APO	18.0085751	9.94
2013 TP4	2013.75	2.2	APO	11.89814758	25.19
2013 TQ4	2013.833333	4.9	APO	10.85123956	6.27
2013 TR12	2013.833333	0.6	APO	6.846669297	14.5
2013 TL127	2013.833333	1	APO	15.68481322	13.99
2013 TM127	2013.833333	3	APO	16.4240157	11.5
2013 UG1	2013.833333	4.5	ATE	118.9814758	14.48
2013 UB	2013.833333	1.6	ATE	16.4240157	7.88
2013 UJ5	2013.833333	3.8	APO	7.861028149	10.88
2013 UT3	2013.833333	2.4	APO	13.0460594	16.62
2013 UR1	2013.833333	0.7	APO	9.025667938	21.86
2013 UX2	2013.833333	0.4	APO	4.959973446	4.37
2013 VJ13	2013.833333	4.6	APO	56.94811474	16.33
2013 VL	2013.833333	1.7	APO	9.8964481	9.33
2013 UV3	2013.833333	0.7	APO	14.97888034	16.68
2013 UJ9	2013.916667	4.9	APO	17.19805571	9.28
2013 VN5	2013.916667	1.3	APO	11.36264273	9.97
2013 VG2	2013.916667	2.6	APO	18.0085751	12.82
2013 VO11	2013.916667	1.8	APO	7.507223601	10.32
2013 VJ11	2013.916667	0.9	APO	9.025667938	9.27
2013 VW13	2013.916667	3.3	APO	19.74600995	16.61
2013 VD17	2013.916667	1.4	APO	11.36264273	11.93
2001 AV43	2013.916667	3	APO	41.25526218	3.6
2013 WM	2013.916667	4.1	APO	59.63199671	35.7
2013 WZ107	2013.916667	2.9	APO	11.36264273	6.7
2013 WZ44	2013.916667	1.6	APO	23.73992548	12.62
2013 NJ	2013.916667	2.5	APO	143.0471967	6.82
2013 WH25	2013.916667	0.4	APO	4.125526218	20.89
2013 XY8	2014	2	APO	34.31463245	9.05
2013 XS21	2014	0.2	APO	4.523549545	8.27
2013 XT21	2014	1.1	APO	11.89814758	13.55
2013 YD	2014	2.3	APO	65.38518418	13.99
2013 XH22	2014	1.9	APO	19.74600995	19.31
2013 YQ2	2014	4.2	APO	62.44236613	11.22
2013 YB	2014	0.07	APO	1.719805571	10.52
2014 AF5	2014.083333	0.3	APO	5.963199671	14.62
2013 YL2	2014.083333	3.6	APO	82.31506992	22.01
2014 AK51	2014.083333	1	APO	16.4240157	9.28
2014 AD16	2014.083333	1.5	APO	11.36264273	8.31
2014 AG51	2014.083333	0.3	APO	3.593183125	15.04
2014 AE29	2014.083333	4.1	ATE	11.36264273	4.92
2014 AW32	2014.083333	0.5	APO	10.85123956	12.37
2014 BT8	2014.083333	4.3	ATE	34.31463245	7.25
2014 BP8	2014.083333	3.9	APO	11.89814758	9.34
2014 BM25	2014.083333	2.7	APO	8.231506992	6.89
2014 BK25	2014.083333	3.2	APO	10.85123956	11.93
2014 CE	2014.166667	1.4	APO	13.0460594	13.16
2014 BM62	2014.166667	3.2	APO	29.88679546	8.6
2014 BW32	2014.166667	1.9	ATE	16.4240157	7.14
2014 CR13	2014.166667	2.2	APO	23.73992548	12.21
2014 BR57	2014.166667	4.4	APO	56.94811474	11.01
2014 DE23	2014.166667	4.5	APO	41.25526218	8.77
2014 DK10	2014.166667	0.7	APO	9.8964481	12.01
2014 DH6	2014.166667	2	APO	23.73992548	17.14
2014 DK23	2014.166667	2.8	APO	12.45889	7.91
2014 EU	2014.25	2.1	APO	9.8964481	5.84
2014 EL	2014.25	3.2	ATE	13.66090123	12.25
2014 EG45	2014.25	3.2	APO	143.0471967	18.31
2014 DX110	2014.25	0.9	APO	24.8587537	14.85
2014 EF	2014.25	0.4	APO	5.438502737	15.09
2014 EC	2014.25	0.2	APO	7.861028149	16.01
2014 EX24	2014.25	0.7	APO	6.244236613	16.2
2014 EP12	2014.25	2.9	APO	26.03031067	9.95
2014 EB25	2014.25	2.7	APO	13.0460594	13.22
2014 EM	2014.25	4.3	APO	28.54166809	11.68
2014 FE	2014.25	1.1	APO	9.8964481	19.91
2014 FA7	2014.25	1.4	APO	15.68481322	6.14
2014 FB7	2014.25	3.1	APO	10.85123956	11.13
2014 FD	2014.25	4.5	APO	27.25708142	8.44
2014 FO38	2014.25	4.8	ATE	20.67661072	8.85
2014 FT37	2014.25	1	APO	9.8964481	7.51
2014 FK38	2014.25	3	ATE	31.29531674	6.38
2010 JO33	2014.416667	4	APO	34.31463245	8.19
2013 RZ53	2014.75	1.9	ATE	2.067661072	1.56
2009 RR	2014.75	1	APO	27.25708142	13.06
357439 2004 BL86	2015.083333	3.1	APO	569.4811474	15.67
2008 HU4	2016.333333	4.9	APO	7.861028149	1.44
2012 DR32	2017.25	2.7	ATE	41.25526218	16.9
2012 TC4	2017.833333	0.3	APO	15.68481322	6.96
2005 TE49	2017.833333	4.1	ATE	15.68481322	10.47
2010 VD139	2017.916667	4.9	ATE	19.74600995	5.79
2008 WM61	2018	3.8	APO	15.68481322	4.69
2004 FG29	2018.333333	4.1	ATE	21.65106937	14.96
2008 GY21	2018.333333	2.7	APO	10.36285333	10.92
1998 SD9	2018.666667	4.2	ATE	49.59973446	10.7
2013 VX4	2019	4.1	APO	62.44236613	6.61
2012 KT12	2019.416667	3.1	APO	18.8572931	3.94
2001 GP2	2020.833333	3.2	APO	14.30471967	2.48
2011 CL50	2021	3.6	ATE	10.36285333	3.3
2013 VO11	2021.416667	3.4	APO	7.507223601	10.19
2012 UX68	2022.416667	3.3	APO	51.93729793	8.12
2004 UT1	2022.833333	3.4	ATE	16.4240157	6.4
2010 XC15	2023	2	ATE	180.085751	10.1
367789 2011 AG5	2023.166667	4.7	APO	149.7888034	9.92
2009 QH6	2023.166667	3.6	APO	98.964481	9.18
2013 TG6	2023.75	3.5	ATE	16.4240157	4.14
1998 HH49	2023.833333	3.1	APO	188.572931	14.79
2006 WB	2024.916667	2.3	ATE	94.51034563	4.2
2007 XB23	2025	1.1	APO	13.0460594	4.77
2012 PB20	2025.166667	3.6	APO	35.93183125	4.27
2010 RA91	2026.25	4.6	APO	75.07223601	10.55
2013 GM3	2026.333333	0.7	ATE	18.8572931	7.4
2003 LN6	2026.5	3.7	ATE	39.39846951	3.91
2010 VQ	2027	4.2	ATE	9.8964481	4.33
137108 1999 AN10	2027.666667	1	APO	902.5667938	26.28
2006 SB	2027.75	4.7	APO	23.73992548	9.64
2009 WR52	2028.416667	0.6	APO	7.507223601	5.73
153814 2001 WN5	2028.5	0.6	APO	750.7223601	10.24
2011 LJ19	2028.583333	3.8	APO	180.085751	9.76
35396 1997 XF11	2028.833333	2.4	APO	1430.471967	13.92
2012 XE133	2029	2.2	ATE	71.6934288	9.8
292220 2006 SU49	2029.083333	3.2	APO	431.9956278	4.9
99942 Apophis	2029.333333	0.1	ATE	393.9846951	7.41
2000 SL10	2029.416667	4.3	APO	143.0471967	8.4
2006 HE2	2029.75	3.1	APO	17.19805571	4.88
2001 AV43	2029.916667	0.8	APO	41.25526218	4
2005 CD69	2030.25	4	APO	47.36737868	5.93
2011 AH5	2031.583333	3.9	APO	21.65106937	9.7
2009 BF2	2032.083333	4.3	APO	22.67145283	5.62
2011 HJ7	2032.416667	4.3	APO	130.460594	16.53
2004 TD10	2032.833333	5	ATE	130.460594	9.92
2013 CY	2032.916667	4.7	APO	7.507223601	2.47
2003 RU11	2034.75	3.8	ATE	27.25708142	4.66
2005 TA	2034.833333	2.5	APO	12.45889	5.08
2008 GM2	2035.333333	2.1	APO	7.507223601	4.84
216985 2000 QK130	2036.25	4.4	APO	226.7145283	7.56
2007 VC3	2036.333333	4.6	APO	37.62524629	11.72
2006 GB	2037.25	4.1	ATE	298.8679546	6.93
2014 CS13	2037.75	4	APO	51.93729793	8.46
2012 UX136	2037.916667	3.3	APO	26.03031067	5.42
2002 NY40	2038.166667	2.8	APO	543.8502737	20.55
2011 WL2	2038.333333	4.7	APO	237.3992548	11.61
1993 KA	2038.416667	2.1	APO	21.65106937	4.6
369057 2008 DK5	2039.166667	4.5	APO	188.572931	18.6
2008 LH2	2039.5	2.6	ATE	45.23549545	8.25
2012 XB112	2039.5	4.1	APO	3.593183125	4.5
2008 CT1	2039.833333	5	ATE	9.8964481	14.02
2010 JR34	2040.083333	4.8	ATE	9.8964481	4.57
367789 2011 AG5	2040.166667	2.8	APO	149.7888034	9.8
162120 1998 SH36	2040.833333	5	APO	272.5708142	17.81
2012 UE34	2041.333333	0.3	APO	75.07223601	6.13
2007 WJ3	2041.416667	3.9	APO	19.74600995	11.91
2008 QS11	2041.833333	3.6	APO	359.3183125	10.7
2004 MD6	2042.5	3.8	ATE	272.5708142	21.57
2012 AP10	2043	1.4	ATE	18.0085751	3.84
2004 RQ252	2043.333333	1.4	APO	113.6264273	12.13
2000 UR16	2043.833333	4.9	ATE	56.94811474	14.33
2004 FH	2044.25	4.6	ATE	24.8587537	6.64
2011 TO	2044.75	1.2	ATE	18.8572931	8.56
2010 JW34	2045.333333	3.2	ATE	8.231506992	1.73
2012 DW60	2046.25	4.8	APO	17.19805571	5.74
267221 2001 AD2	2046.333333	4.4	APO	376.2524629	21.94
2000 LF3	2046.5	2.7	APO	164.240157	15.26
1994 WR12	2046.916667	3.7	ATE	136.6090123	9.6
2010 WZ8	2047.083333	4.1	APO	248.587537	7.21
2012 HG2	2047.166667	0.2	APO	13.66090123	4.5
162162 1999 DB7	2048.166667	2.5	APO	343.1463245	7
2007 UD6	2048.833333	0.3	APO	7.507223601	6.61
2005 VL1	2049.166667	2	ATE	13.66090123	6.59
2004 LV3	2050	4.5	APO	596.3199671	20.06
2006 GU2	2050.833333	4.8	APO	9.451034563	7.69
2013 VJ11	2050.916667	4.4	APO	9.025667938	8.78
2002 CC14	2051.166667	4.7	ATE	37.62524629	12.36
2005 FN	2051.25	3.7	ATE	14.30471967	10.64
4581 Asclepius	2051.25	4.8	APO	248.587537	11.05
162422 2000 EV70	2051.666667	4.8	APO	272.5708142	16.12
2011 SE97	2051.833333	2.4	APO	39.39846951	14.83
1999 SF10	2051.833333	4.2	APO	47.36737868	4.51
2004 FU4	2051.833333	3.2	APO	750.7223601	13.64
2010 WD1	2051.916667	1.9	ATE	17.19805571	7.3
2002 PN	2052.083333	3.4	APO	37.62524629	5.28
221455 2006 BC10	2052.25	3	APO	452.3549545	18.48
2012 RM15	2052.75	3.7	APO	43.19956278	9.04
2009 WV25	2053.333333	2.5	APO	54.38502737	11.08
2012 MY2	2053.666667	3.5	APO	18.0085751	3.96
360191 1988 TA	2053.75	2.2	APO	260.3031067	12.99
2007 JB21	2054.416667	2.3	ATE	28.54166809	7.4
2005 LU3	2054.5	4.7	APO	19.74600995	9.6
2013 LM31	2054.583333	3.2	APO	312.9531674	15.66
2007 TD	2054.75	2.1	ATE	45.23549545	11.75
2011 AX22	2055.416667	1.2	ATE	39.39846951	10.48
2003 ME1	2055.5	4.8	APO	65.38518418	14.05
2006 WV1	2055.916667	4.8	ATE	22.67145283	7.23
2007 BD	2056.083333	3.1	ATE	28.54166809	7.49
2004 VZ	2056.916667	1.6	ATE	41.25526218	10.7
2010 TW54	2057.25	4.8	APO	10.36285333	7.52
2010 FV9	2057.833333	1.5	APO	28.54166809	7.91
162120 1998 SH36	2057.833333	4.5	APO	272.5708142	17.61
2010 TB54	2057.833333	5	APO	14.97888034	8.08
2005 GL	2058.916667	4.1	APO	197.4600995	12.57
2012 WS3	2059.416667	2.2	APO	21.65106937	8.99
2008 ST	2059.75	4.3	ATE	13.0460594	3.02
2010 UJ7	2059.916667	4	ATE	28.54166809	9.1
2009 WM1	2059.916667	1.8	APO	285.4166809	14.24
2004 YC	2060	1.2	ATE	26.03031067	9.42
2010 XC15	2060	5	ATE	180.085751	10.29
2006 YE	2060.083333	2.2	APO	11.89814758	6.22
4660 Nereus	2060.166667	3.1	APO	786.1028149	6.33
1999 SH10	2060.75	3.4	APO	113.6264273	6.34
101955 Bennu	2060.75	1.9	APO	226.7145283	6.19
2013 YD	2061	4	APO	65.38518418	14.19
2014 FO38	2061.25	4.3	ATE	20.67661072	8.91
2012 LA11	2061.5	2.9	ATE	20.67661072	3.74
2000 WC1	2061.916667	2.3	ATE	118.9814758	11.45
2003 SW130	2062.75	4.2	ATE	5.193729793	8.52
2009 FD	2063.25	5	APO	130.460594	15.5
2009 WJ6	2063.916667	3.9	APO	11.36264273	17.82
350751 2002 AW	2064.833333	5	APO	237.3992548	8.53
2010 XC15	2065	3.6	ATE	180.085751	9.72
2005 WY55	2065.416667	0.9	APO	248.587537	18.6
2013 UG1	2065.833333	2.8	ATE	118.9814758	14.36
2003 YN107	2066	3.7	ATE	17.19805571	2.48
2008 CE22	2066.166667	2.5	APO	18.0085751	8.72
2013 BV15	2066.166667	3.4	APO	47.36737868	8.21
2010 HF	2066.333333	2.9	APO	19.74600995	5.29
2004 RQ252	2066.333333	2.4	APO	113.6264273	12.15
2011 SR5	2066.75	1.2	APO	248.587537	26.36
2009 DD45	2067.25	3.1	APO	23.73992548	8.17
2008 RG1	2067.25	4.7	APO	248.587537	14.93
2014 FN38	2067.25	5	ATE	16.4240157	7.69
387668 2002 SZ	2067.75	3.8	APO	285.4166809	17.82
2012 FM35	2067.75	3.8	APO	11.89814758	3.28
1999 SF10	2067.833333	3.5	APO	47.36737868	5.09
2013 NJ	2067.916667	2.8	APO	143.0471967	6.82
2010 VB1	2068.083333	1.3	APO	71.6934288	7.79
2005 EU2	2068.25	2.4	APO	82.31506992	6.92
2004 JP1	2068.416667	3.1	APO	94.51034563	12.61
2005 WA	2068.916667	4.4	APO	56.94811474	7.79
2008 CT1	2069.166667	3.8	ATE	9.8964481	14.07
2003 LH	2069.416667	4	ATE	31.29531674	6.83
2340 Hathor	2069.833333	2.6	ATE	343.1463245	13.2
163348 2002 NN4	2070.5	4	ATE	343.1463245	12.32
2013 PR43	2071.666667	1.7	APO	71.6934288	6.64
154276 2002 SY50	2071.833333	3.4	APO	1036.285333	21.41
2012 FS35	2072.25	3	APO	3.129531674	3.62
2007 SQ6	2072.333333	4.8	APO	143.0471967	6.03
2011 SM68	2072.833333	1.8	APO	412.5526218	22.93
2013 YA14	2073	4.2	APO	62.44236613	10.58
2005 GR33	2073.333333	4.9	ATE	136.6090123	15.61
2010 HQ80	2073.333333	3.2	APO	393.9846951	19.94
164121 2003 YT1	2073.333333	4.4	APO	1974.600995	23.83
2014 EL	2074.25	4.5	ATE	13.66090123	12.54
2006 JY26	2074.416667	4.3	APO	7.16934288	3.38
2002 TZ66	2074.833333	4	ATE	22.67145283	5.36
308635 2005 YU55	2075.916667	0.6	APO	143.0471967	13.76
2006 XR4	2076	5	APO	19.74600995	9.54
2012 MY2	2076.583333	1.7	APO	18.0085751	3.74
385343 2002 LV	2076.666667	4.2	APO	1642.40157	20.01
2005 UW5	2076.833333	1.4	APO	10.85123956	9.72
162173 1999 JU3	2077	4.1	APO	495.9973446	4.47
2012 BX34	2077.083333	2.5	ATE	10.36285333	9.24
2014 AD16	2077.333333	5	APO	11.36264273	8.05
2013 HO11	2077.416667	3.5	APO	86.19445965	6.82
2001 QE71	2077.666667	3.1	APO	45.23549545	5.33
2005 TG50	2077.666667	4.8	ATE	37.62524629	3.7
2011 WL2	2077.833333	2.6	APO	237.3992548	11.47
277475 2005 WK4	2078.666667	5	APO	327.7021958	9.19
2000 UK11	2078.833333	4.7	ATE	29.88679546	5.97
2001 AV43	2079	3.1	APO	41.25526218	3.58
52768 1998 OR2	2079.333333	4.6	AMO	2373.992548	8.17
2011 CU46	2080.666667	2.8	APO	27.25708142	15.91
163132 2002 CU11	2080.666667	1.7	APO	750.7223601	26.36
2007 VF189	2080.916667	0.3	APO	7.507223601	11.81
2014 AW32	2081.083333	4.6	APO	10.85123956	11.99
2006 GB	2081.25	3.9	ATE	298.8679546	7.1
2003 SR84	2081.75	3.7	APO	21.65106937	10.48
2012 XP134	2082	3.4	APO	10.36285333	8.97
2013 PS13	2082.166667	1.7	APO	12.45889	17.42
2007 UY1	2082.833333	5	ATE	90.25667938	5.79
2010 MU112	2083	2.7	APO	248.587537	29.25
2004 FG29	2083.333333	4.9	ATE	21.65106937	15.02
2011 JM5	2083.333333	5	ATE	18.8572931	7.28
2006 JF42	2083.416667	3.6	ATE	519.3729793	12.45
2005 ED318	2083.5	3.4	AMO	237.3992548	6.38
2001 BF10	2085.333333	3.7	APO	103.6285333	9.01
2013 YD48	2086.416667	2.5	APO	103.6285333	15.09
2011 MD	2086.5	1.6	AMO	8.619445965	1.84
2340 Hathor	2086.833333	2.3	ATE	343.1463245	13.23
171576 1999 VP11	2086.833333	3	APO	684.6669297	20.62
367943 Duende	2087.166667	4.5	ATE	54.38502737	6.22
2011 WL2	2087.833333	1	APO	237.3992548	11.61
2012 HZ33	2088.416667	4.8	APO	285.4166809	13.84
2013 RZ5	2088.75	4	APO	7.16934288	16.84
2012 PK24	2089.166667	4.4	APO	62.44236613	11.33
216985 2000 QK130	2089.25	3.5	APO	226.7145283	7.62
2005 TC51	2089.833333	2.5	APO	11.89814758	9.36
2011 UT91	2089.916667	2.3	APO	82.31506992	12.76
2006 WB	2089.916667	3.9	ATE	94.51034563	4.41
2010 UE51	2090	4.1	APO	7.507223601	1.01
2009 SH2	2090.75	2	ATE	35.93183125	4.23
2008 PF2	2092.666667	4.6	AMO	62.44236613	8.84
2012 UV136	2092.916667	4.6	APO	27.25708142	3.94
350751 2002 AW	2093.833333	4.2	APO	237.3992548	8.48
153201 2000 WO107	2093.916667	3.2	ATE	473.6737868	26.18
2010 VK139	2094.916667	2.6	ATE	62.44236613	13.87
2009 BG	2095.083333	3.9	APO	27.25708142	8.23
2012 FP35	2095.25	1.6	APO	9.025667938	14.04
297300 1998 SC15	2095.333333	3.3	APO	495.9973446	14.06
2010 RF12	2095.75	0.02	APO	8.231506992	10.88
2013 XY8	2096	0.9	APO	34.31463245	9.33
269690 1996 RG3	2096.166667	2.4	APO	684.6669297	14.15
2005 UO	2096.833333	1.3	APO	130.460594	19.16
2009 UD	2097.833333	3.7	APO	12.45889	3.8
2010 SE	2098.75	3.7	APO	47.36737868	13.18
2004 XM29	2099.083333	2.3	APO	90.25667938	14.79
33342 1998 WT24	2100	4.9	ATE	902.5667938	9.01
